11001101011100010110100010101100
11111000110010011110110010001111
00011011001100100001111001001100
00110100111001100110001100110100
10000111001111001110100101100001
10111000101000111000011001010010
01010111001111111111000101010111
01000100101000100101011001100010
01010101010110001110110011000100
01110001110000111110010100111001
00011011101000011111001100110111
00011110100011011010110001011101
01100101000001111110110101111010
10111100010111010110001010000011
11100101100100000110110111000111
10111110111100111100111100010101
01001111000111100111010101000101
11100001010001101100101000101011
11100000000011111001100101101111
01000001100010110000101100001001
00010000000001000010101001100100
11011011000100100111111110001010
00110000111110001011011101001111
01000110000100011001000011001101
11100111110011001101110111101000
01110001101110000101000000111000
00111101110110110001100110101001
00010010101011010110000100001001
11001111100100101110110000011011
11011010111001001100011110011111
11110111001100001000110011110000
11011111011111101011110011111110
01000001101001111100010011001001
11001101011011010000000011110011
01011001001110011010101111101101
10011011000100101111001000101110
10011001011001010001100110110101
00000000110111001000011000110111
10101111011011111000111111001011
01101110100011000111001111100100
00011111001000101100011000100101
01110001001100001010001111001100
01010111011110110010101101011001
00001101101100011000010010010111
00110001010001100100010010101110
11100011001100111010101100010000
01011100111001000011101101000110
00101111100010010001000011101010
00010110001100010110100011101010
11010111010011100110011101100011
10000100010111101100111010110100
01010101000110101001010011100111
10011000001110001100101100101100
10000110101001111010000110011011
01010110000110001001101001110110
10011011110010101001110010010011
11010110100110011100011111001100
10010001010100110001011001010100
01000011000010001101011101100110
00111010100101011111100001110100
10110111000011110011111111111010
10010000111001111100001111011011
11010011110111001110011011110111
00011011101110011001101100111010
10111100001000011111000100010001
00010000110100111000011001000101
00010110110111011110100111000110
00000000110110010000011111011001
10000101001111110101001010000111
00100000110011010110000100100000
11100101010101110111111110001110
00011100100010000001011101011011
11111001011101100011100000000100
10000010001111101100111011101000
11001011111000000011100111011100
10010011000110011111101100101110
00100100000101010100101111100010
01000110001110111001111010101100
10111101000100001001010110111001
10010100011110101011010011011010
11110001011010101000101110111100
10110110010110000000101111010111
10001111110000101010011111010100
10000111000110001110000101010101
01100001011100110011100001010011
00100111000101010110011010100010
00110100001011101100110001010100
10010000111110010110000110000111
01010011101101010000111011110011
10010010110100000011011111011110
00101100110110001001101000110010
11001010111111001001100110010101
11111001111010011011011000110100
11110011001001011010110001000111
10101010011001010100001000101000
10011110110011001101101111010010
00110110001100011000111000010000
11011111111101101111001110110010
00100101001000101110011000110010
11111111111110010000001011001101
00001001010010010000001101011001
01011110010100011110001111111011
00111010010011010101110110100001
11100011110111000010010000001111
10111100001101110100000001001101
11110101100111100110100001110111
10101010101100111010111000110110
00011001110101100001001011100110
10000101111110111100111000011000
11010100101001010011100101001000
00111011101101110100011100011011
10100101000111111111001101100100
11110100111011110000000001011100
01000111111100111000001001111001
10011001001001101110110111011111
00110001001110101101011000111100
10100110001110010011100001100101
01110101110000111001111000100001
11111011000110000110000000000100
01010110111110110001000110101101
11010100001100001110010001110011
10011000110010001001110001101010
10011111110100111111001110000101
01101101011010111101011100110011
10100000100100010011010111011101
11111000010000001000110011110010
01100111000111111011010101011011
00000111111001100001010101110100
00001001010111001111110000011000
10101111011000111001110111101011
10001101011110101111001010111100
11011111001001111000111000110001
00001100010100001011001111111111
xxxx
00000010000101100010001100011011
00001000111011011011110110101011
00001011000000111110000011000110
00001000001101101100010000001110
00000010100100000001110110000010
00001000000100111000011001000001
00000101000001110010001101100111
00001101001101001011011010101000
