11001101011100010110100010101100
11111000110010011110110010001111
00011011001100100001111001001100
00110100111001100110001100110100
10000111001111001110100101100001
10111000101000111000011001010010
01010111001111111111000101010111
01000100101000100101011001100010
01010101010110001110110011000100
01110001110000111110010100111001
00011011101000011111001100110111
00011110100011011010110001011101
01100101000001111110110101111010
10111100010111010110001010000011
11100101100100000110110111000111
10111110111100111100111100010101
01001111000111100111010101000101
11100001010001101100101000101011
11100000000011111001100101101111
01000001100010110000101100001001
00010000000001000010101001100100
11011011000100100111111110001100
00000100001011000100011000110111
10000111110001011011101001111010
00110000100011001000011001101111
00111110011001101110111101000011
10001101110000101000000111000001
11101110110110001100110101001000
10010101011010110000100001001110
01111100100101110110000011011110
11010111001001100011110011111111
10111001100001000110011110000110
11111011111101011110011111110010
00001101001111100010011001001110
01101011011010000000011110011010
11001001110011010101111101101100
11011000100101111001000101110100
11001011001010001100110110101000
00000110111001000011000110111101
01111011011111000111111001011011
01110100011000111001111100100000
11111001000101100011000100101011
10001001100001010001111001100010
10111011110110010101101011001000
01101101100011000010010010111001
10001010001100100010010101110111
00011001100111010101100010000010
11100111001000011101101000110001
01111100010010001000011101010000
10110001100010110100011101010110
10111010011100110011101100011100
00100010111101100111010110100010
10101000110101001100000100011101
10110111101101010111100111100110
00001110001100101100101100100001
10101001111010000110011011100000
10110000001111100000110001101100
00110001001101001110110100110111
10010101001110010010011110101101
00110011100011111001100100100010
10100110001011001010100010000110
00010001110000010000011011011000
10000001110110000000101001000000
01110110000010110001110101001010
11111100001110100110000010000001
00111000011001000001110000111100
11111111111010100100001110011111
00001111011011110100111101110011
10011011110111000110111011100110
01101100111010101111000010000111
11000100010001000100001101001110
00011001000101000101101101110111
10100111000110000000001101100100
00011111011001100001010011111101
01001010000111001000001100110101
10000100100000111001010101011101
11111110001110000111001000100000
01011101011011111110011000000101
00000111001000110110011111000111
00000000100100000100011111011001
11011101000110010111110000000111
00111011100100100110001100111111
01100101110001001000001010101001
01111100010010001100011101110011
11010101100101111010001000010010
10110111001100101000111101010110
10011011010111100010110101010001
01110111100101101100101100000001
01111010111100011111100001010100
11111010100100001110001100011100
00101010101011000010111001100111
00001010011001001110001010101100
11010100010001101000010111011001
10001010100100100001111100101100
00110000111010100111011010100001
11011110011100100101101000000110
11111011110001011001101100010011
01000110010110010101111110010011
00110010101111110011110100110110
11000110100111100110010010110101
10001000111101010100110010101000
01000101000100111101100110011011
01111010010001101100011000110001
11000010000110111111111011011110
01110110010001001010010001011100
11000110010111111111111100100000
01011001101000010010100100100000
01101011001010111100101000111100
01111111011001110100100110101011
10110100001111000111101110000100
10000001111101111000011011101000
00001001101111101011001111001101
00001110111101010101011001110101
11000110110000110011101011000010
01011100110100001011111101111001
11000011000110101001010010100111
00101001000001110111011011101000
11100011011101001010001111111110
01101100100111101001110111100000
00001011100010001111111001110000
01001111001100110010010011011101
10111011111001100010011101011010
11000111100101001100011100100111
00001100101011101011100001110011
11000100001111110110001010001011
11101100101001110000101011011010
11010111101011100110011101000001
00100010011010111011101011101110
11000111111011010101011011000001
11110101011001111110000011000101
01111011000111001110111101011100
01101011110101110110111000110001
00001100010100001011001111111111
xxxx
00011000000000010001010110111110
00110101010011111110100111111001
01100001010101110100000010010101
00001101001101001011011010101000
01000111001110011000110010001001
01010111100110111110010011110001
00010000001000110011110010011001
00100011010110111010100001100001