01101011100010110100010101100111
00110010011110110010001111000110
01100100001111001001100001101001
01100110001100110100100001110011
01110100101100001101110001010001
00011001010010010101110011111111
00101010111010001001010001001010
01100010010101010101100011101100
00100011100011100001111100101001
01000110111010000111110011001101
00111101000110110101100010111010
01010000011111101101011110101011
00101110101100010100000111110010
01000001101101110001111011111011
01111001111000101010100111100011
01110101010001011110000101000110
01010001010111110000000001111100
01011011110100000110001011000010
00010010001000000000100001010100
01001101101100010010011111111000
00000010000101100010001100011011
00011111000101101110100111101000
00010001100100001100110111100111
01100110111011110100001110001101
00010100000011100000111101110110
00110011010100100010010101011010
00010000100111001111100100101110
00001101111011010111001001100011
01111111110111001100001000110011
00011011111011111101011110011111
01000001101001111100010011001001
01101011011010000000011110011010
01001110011010101111101101100110
00100101111001000101110100110010
01010001100110110101000000001101
01000011000110111101011110110111
00111111001011011011101000110001
01111100100000111110010001011000
00100101011100010011000010100011
01100010101110111101100101011010
01000011011011000110000100100101
01100010100011001000100101011101
00110011001110101011000100000101
01110010000111011010001100010111
00100100010000111010100001011000
00101101000111010101101011101001
01100111011000111000010001011110
01110101101000101010100011010100
00001000111011011011110110101011
01111001100000111000110010110010
01000011010100111101000011001101
00001011000000111110000011000110
00011000100110100111011010011011
01010100111001001001111010110100
01110001111100110010010001010100
00101100101010001000011000010001
00001000001101101100010000001110
00000010100100000001110110000010
00111010100101011111100001110100
00001000000100111000011001000001
00011110011111111111010100100001
01111100001111011011110100111101
01110011011110111000110111011100
01101100111010101111000010000111
00100010001000100001101001110000
01000101000101101101110111101001
00110000000001101100100000111110
01100001010011111101010010100001
01000001100110101100001001000001
01010101011101111111100011100001
01000100000010111010110111111100
00000101000001110010001101100111
00111000000001001000001000111110
01110111010001100101111100000001
01110111001001001100011001111110
01011100010010000010101010010111
00100100011000111011100111101010
01011110100010000100101011011100
01010001111010101101001101101011
00101101010100010111011110010110
01011000000010111101011110001111
00010101001111101010010000111000
00111000010101010101100001011100
01110000101001100100111000101010
01101010001000110100001011101100
00101010010010000111110010110000
00011101010011101101010000111011
01110010010110100000011011111011
00101100110110001001101000110010
01010111111001001100110010101111
01111010011011011000110100111100
01001011010110001000111101010100
01010100001000101000100111101100
01101101111010010001101100011000
00111000010000110111111111011011
01110110010001001010010001011100
00110010111111111111100100000010
01101000010010100100100000011010
01010111100101000111100011111110
01110100100110101011101101000011
00111101110000100100000011111011
00011011101000000010011011111010
01111001101000011101111010101010
01110101110001101100001100111010
00010010111001101000010111111011
01110000110001101010010100101001
01010010000011101110110111010001
00110111010010100011111111100110
01001111010011101111000000000101
00100011111110011100000100111100
01100100100110111011011101111100
00100111010110101100011110010100
00111001001110000110010101110101
00011100111100010000111111011000
00011000000000010001010110111110
00100011010110111010100001100001
01000111001110011000110010001001
00110101010011111110100111111001
00010101101101011010111101011100
01110100000100100010011010111011
00001101001101001011011010101000
00010000001000110011110010011001
00111111011010101011011000001111
01100001010101110100000010010101
01111110000011000101011110110001
01110111101011100011010111101011
01010111100110111110010011110001
00110001000011000101000010110011
