10100001100010001110111111111111
11111000000000000000101100010100
00000101011101001101101101000101
01101000000111101000101001101100
10100010101010110110101100000101
11000100100111010101100011010101
01010111010110010111110110010101
01010010001110000011111000001010
00101011101101101110101010101001
10111110111010110010110110100010
10110101010110110101110100010110
0 101 111 101 110 001 110111001100 101 1
01 101 001 101 010 000 01 101 000 101 010 1
01 000 101 001 101 111 101 011 101 010 001
100001101000 101 110 101 100 101 000 10
1 001 101 100 101 011 101 000 101 010 101 1
11 110 110010001111101101010111100
11111 100 0000000010110 101 000 101 10
1 1000100011010100
xxxx
00000000000000000000000000000000
01100000000000000000000000000010
11111000111111111111001111111111
11111110000000100000000000001000
11011111111111111111111111111101
11101111111111111111111111110111
00000000011111100000000000011100
11111000000000000111111111111111
