10100001100010001110111111111111
11111000000000000000101100010100
00000101011101001101101101000101
01101000000111101000101001101100
10100010101010110110101100000101
11000100100111010101100011010101
01010111010110010111110110010101
01010010001110000011111000001010
00101011101101101110101010101001
101111101110101100 101 101 101 000 10
1 011 010 10101101 101 011 101 000 101 10
0 101 111 101 110 100 1101111110100 101
10110100110101000001101000101010
10100010100110111110101110101000
11000011010001011101011001010001
01001101100101011101000101010101
11111011001000111110110101011110
01111110000000000101101010001011
011000100011010100
xxxx
00000000000000000000000000000000
01100000000000000000000000000010
11111000111111111111001111111111
11111110000000100000000000001000
11011111111111111111111111111101
11101111111111111111111111110111
00000000011111100000000000011100
11111000000000000111111111111111



10100000011111100000000000011100
00000000011111100000000000011100
